arm                                    | drift ok% | fail% | e_y cm | dbeta deg | held-out ok% | fail% | grip ok% | fail% | real laps/car
---------------------------------------+-----------+-------+--------+-----------+--------------+-------+----------+-------+--------------
bcB_hw24b [x12]                        |       0.0 |  20.0 |   30.0 |      16.7 |          3.8 |  10.0 |     88.3 |   0.0 |            21
bcB_zs [x12]                           |       0.0 |  20.0 |   30.4 |      17.1 |          4.2 |  10.8 |     80.0 |   0.0 |             0
fada_hw24 [x12]                        |       0.0 | 100.0 |    nan |       nan |          0.0 |  98.3 |      0.0 | 100.0 |            12
fada_hw24_zs [x12]                     |       0.0 | 100.0 |    nan |       nan |          0.0 |  73.3 |     60.0 |   0.0 |             0
lqr_zs [x12]                           |       0.0 |  20.8 |   30.4 |      17.1 |          5.0 |   7.9 |     80.0 |   0.0 |             0
ppo_dr_hw24 [x12]                      |       0.0 |  63.3 |   14.4 |      14.4 |         22.5 |  50.4 |    100.0 |   0.0 |            17
ppo_dr_hw24_s2 [x12]                   |       0.0 |  60.0 |   14.9 |      14.3 |         21.2 |  50.0 |    100.0 |   0.0 |            17
ppo_dr_hw48 [x12]                      |       0.0 |  62.5 |   19.1 |      14.3 |         20.0 |  50.0 |    100.0 |   0.0 |            34
ppo_dr_hw48_s2 [x12]                   |       0.0 |  57.5 |   16.3 |      14.1 |         20.0 |  50.0 |    100.0 |   0.0 |            34
ppo_dr_hw48_s3 [x12]                   |       0.0 |  60.8 |   13.7 |      14.9 |         20.0 |  50.0 |    100.0 |   0.0 |            34
ppo_dr_hw96_cTR [x12]                  |       0.0 |  69.2 |   19.2 |      14.1 |         20.0 |  50.8 |    100.0 |   0.0 |            67
ppo_dr_zs [x12]                        |       0.0 |  55.8 |   15.4 |      14.7 |         23.3 |  50.0 |    100.0 |   0.0 |             0
rma_zs [x12]                           |       0.0 |  62.5 |   11.3 |      15.0 |         19.2 |  31.7 |    100.0 |   0.0 |             0
v1narrow_hw24 [x12]                    |       0.0 |  14.2 |   15.1 |      16.8 |          8.3 |  10.4 |     80.0 |   0.0 |            22
v3drA_s0_hw24 [x12]                    |       0.0 |   9.2 |   23.5 |      16.7 |         14.6 |   1.7 |     90.0 |   0.0 |            22
v3drA_s0_zs [x12]                      |       0.0 |  10.0 |   24.2 |      16.8 |         13.8 |   2.5 |     90.0 |   0.0 |             0
v3drA_s1_hw24 [x12]                    |       0.0 |   5.0 |   21.3 |      16.9 |         11.7 |   1.2 |     90.0 |   0.0 |            22
v3drA_s1_zs [x12]                      |       0.0 |   5.0 |   21.6 |      16.9 |         13.8 |   1.2 |     90.0 |   0.0 |             0
v3drB_s0_hw24 [x12]                    |       0.0 |  52.5 |   25.9 |      15.2 |         15.0 |  11.7 |     90.0 |   0.0 |            19
v3drB_s0_zs [x12]                      |       0.0 |  51.7 |   26.4 |      15.2 |         15.0 |  15.0 |     90.0 |   0.0 |             0
v3drB_s1_hw24 [x12]                    |       0.0 |  34.2 |   25.7 |      17.0 |         19.6 |  14.2 |     90.0 |   0.0 |            20
v3drB_s1_zs [x12]                      |       0.0 |  40.8 |   24.3 |      16.8 |         15.4 |  14.2 |     90.0 |   0.0 |             0
v3noexp_s0_hw24 [x12]                  |       0.0 |  10.0 |   20.6 |      16.5 |         10.0 |  10.0 |     90.0 |   0.0 |            21
v3noexp_s0_zs [x12]                    |       0.0 |  10.8 |   20.5 |      16.9 |          1.2 |  10.0 |     82.5 |   0.0 |             0
v3nom_s0_hw24 [x12]                    |       0.0 |  12.5 |   23.3 |      16.8 |         14.6 |   0.8 |     80.0 |   0.0 |            22
v3nom_s0_hw24_b25only [x12]            |       0.0 |   6.7 |   22.6 |      16.4 |          8.3 |   2.1 |     80.0 |   0.0 |            20
v3nom_s0_hw24_flip [x12]               |       0.0 |   9.2 |   24.0 |      16.9 |          2.9 |   4.2 |     80.0 |   0.0 |            21
v3nom_s0_hw24_noRB [x12]               |       0.0 |  12.5 |   23.3 |      16.8 |         14.6 |   0.8 |     80.0 |   0.0 |            22
v3nom_s0_hw24_noTR [x12]               |       0.0 |  12.5 |   22.8 |      16.8 |         11.2 |   1.7 |     80.0 |   0.0 |            22
v3nom_s0_hw24_openG [x12]              |       0.0 |  15.8 |   24.4 |      16.6 |         18.3 |   3.3 |     81.7 |   0.0 |            22
v3nom_s0_hw24_s2 [x12]                 |       0.0 |  12.5 |   23.2 |      16.7 |         14.6 |   2.5 |     80.0 |   0.0 |            21
v3nom_s0_hw24vs [x12]                  |       0.0 |   7.5 |   23.3 |      16.8 |         14.6 |   1.7 |     80.0 |   0.0 |            22
v3nom_s0_hw48 [x12]                    |       0.0 |  14.2 |   23.2 |      16.7 |         15.0 |   3.3 |     80.8 |   0.0 |            43
v3nom_s0_hw96 [x12]                    |       0.0 |  15.8 |   22.4 |      16.3 |         15.0 |   3.3 |     80.0 |   0.0 |            87
v3nom_s0_hw96_cTR [x12]                |       0.0 |  10.0 |   22.1 |      16.5 |         18.8 |   1.7 |     80.0 |   0.0 |            87
v3nom_s0_zs [x12]                      |       0.0 |  10.8 |   23.6 |      16.9 |          4.2 |   2.1 |     80.0 |   0.0 |             0
v3nom_s1_hw24 [x12]                    |       0.0 |   5.8 |   21.6 |      16.8 |          9.6 |   1.2 |     86.7 |   0.0 |            22
v3nom_s1_zs [x12]                      |       0.0 |   4.2 |   21.3 |      17.0 |          5.8 |   0.8 |     80.0 |   0.0 |             0
v3nom_s2_hw24 [x12]                    |       0.0 |   9.2 |   22.6 |      16.8 |         10.0 |   1.7 |     80.0 |   0.0 |            22
v3nom_s2_zs [x12]                      |       0.0 |   6.7 |   23.1 |      16.9 |          6.2 |   2.1 |     80.0 |   0.0 |             0
v3olG_s0_hw24 [x12]                    |       0.0 |  18.3 |   24.2 |      16.6 |         10.0 |   7.1 |     80.0 |   0.0 |            21
v3olG_s0_zs [x12]                      |       0.0 |  20.0 |   21.5 |      17.1 |          0.8 |   3.3 |     80.0 |   0.0 |             0
v5ppoDR_s0_hw24 [x12]                  |       0.0 |  55.0 |   13.9 |      14.3 |         15.4 |  40.0 |    100.0 |   0.0 |            18
v5ppoDR_s0_zs [x12]                    |       0.0 |  60.0 |   13.3 |      14.8 |         19.2 |  40.0 |    100.0 |   0.0 |             0
v5ppoNom_s0_hw24 [x12]                 |       0.0 |  50.8 |   10.9 |      14.2 |         19.2 |  35.0 |    100.0 |   0.0 |            18
v5ppoNom_s0_zs [x12]                   |       0.0 |  50.8 |   11.3 |      14.6 |         17.5 |  30.4 |    100.0 |   0.0 |             0
v6nom_s0_hw24 [x12]                    |       0.0 |  55.0 |   29.8 |      15.2 |          0.0 |  20.8 |     90.0 |   0.0 |            18
v6nom_s0_hw24fb [x12, adaptive goals]  |       0.0 |   5.0 |   24.3 |      17.1 |          0.0 |  27.1 |     90.0 |   0.0 |            20
v6nom_s0_hw24fb3 [x12, adaptive goals] |       0.0 |   5.0 |   24.3 |      17.0 |          0.0 |  23.8 |     90.0 |   0.0 |            19
v6nom_s0_hw48fb3 [x12, adaptive goals] |       0.0 |   4.2 |   23.7 |      16.8 |          0.0 |  28.3 |     90.0 |   0.0 |            42
v6nom_s0_zs [x12]                      |       0.0 |  60.0 |   28.1 |      14.6 |          0.0 |  26.7 |     87.5 |   0.0 |             0
v6nom_s1_hw24 [x12]                    |       0.0 |  50.8 |   31.1 |      15.8 |          0.0 |  20.0 |     80.0 |   0.0 |            19
v6nom_s1_hw24fb [x12, adaptive goals]  |       0.0 |  10.8 |   23.8 |      16.7 |          0.0 |  20.0 |     80.0 |   0.0 |            21
v6nom_s1_hw24fb3 [x12, adaptive goals] |       0.0 |  10.0 |   23.7 |      16.8 |          0.0 |  20.0 |     80.0 |   0.0 |            20
v6nom_s1_zs [x12]                      |       0.0 |  49.2 |   33.2 |      16.3 |          0.0 |  21.3 |     80.0 |   0.0 |             0
track_ilc (3 laps per plan)            |       0.0 |  20.8 |   29.6 |      17.0 |          6.7 |   8.8 |     85.0 |   0.0 |            24
track_ilc (4 laps per plan)            |       0.0 |  20.8 |   29.7 |      16.9 |          5.0 |   8.3 |     90.0 |   0.0 |            32
track_ilc (12 laps per plan)           |       0.0 |  34.2 |   28.7 |      16.3 |          0.0 |  12.9 |     90.0 |   0.0 |            96
