arm                                    | b25 ok% | fail% | e_y cm | pace% | |beta| | held-out ok% | fail% | |beta| | grip ok% | fail% | |beta| | real laps/car
---------------------------------------+---------+-------+--------+-------+--------+--------------+-------+--------+----------+-------+--------+--------------
bcB_hw24b [x12]                        |    70.0 |  20.0 |    4.8 |  97.8 |   13.5 |         75.0 |  16.7 |   10.4 |     66.7 |  17.5 |   15.8 |            23
bcB_zs [x12]                           |    69.2 |   6.7 |    9.0 |  97.2 |   13.1 |         73.8 |  12.1 |   11.4 |     81.7 |   0.0 |    2.5 |             0
fada_hw24 [x12]                        |     0.0 | 100.0 |    nan |   nan |    nan |          0.0 |  96.7 |    4.2 |      0.0 |  99.2 |   31.5 |            15
fada_hw24_zs [x12]                     |     0.0 |  80.0 |   22.9 |  99.1 |   11.9 |          0.0 |  62.1 |   10.9 |     61.7 |  12.5 |    3.5 |             0
lqr_zs [x12]                           |    61.7 |  21.7 |    7.4 |  98.0 |   13.2 |         74.2 |   5.8 |   10.0 |     80.0 |   0.0 |    2.5 |             0
ppo_dr_hw24 [x12]                      |    82.5 |  10.0 |    6.3 |  97.4 |   14.6 |         90.8 |   1.2 |   10.5 |    100.0 |   0.0 |    2.4 |            24
ppo_dr_hw24_s2 [x12]                   |    84.2 |   4.2 |    7.5 |  94.8 |   17.2 |         94.6 |   2.1 |   10.5 |    100.0 |   0.0 |    2.4 |            24
ppo_dr_hw48 [x12]                      |    84.2 |  10.8 |    4.5 |  97.9 |   14.8 |         86.7 |   5.4 |   11.0 |     93.3 |   0.0 |    3.1 |            48
ppo_dr_hw48_s2 [x12]                   |    55.8 |  28.3 |    6.4 |  97.8 |   15.7 |         82.5 |   5.8 |   11.2 |     98.3 |   1.7 |    2.7 |            48
ppo_dr_hw48_s3 [x12]                   |    58.3 |  21.7 |    7.8 |  97.8 |   14.5 |         78.3 |   7.5 |   10.8 |     80.0 |  12.5 |    3.5 |            48
ppo_dr_hw96_cTR [x12]                  |    55.0 |  26.7 |    7.8 |  98.6 |   16.5 |         77.9 |   6.7 |   12.5 |     80.0 |  10.8 |    3.6 |            96
ppo_dr_lap10 [x12]                     |    79.2 |   0.8 |    5.9 |  96.4 |   14.9 |         84.2 |   0.4 |   10.4 |     80.0 |   0.0 |    2.0 |            10
ppo_dr_lap2 [x12]                      |    95.8 |   0.0 |    5.7 |  97.4 |   14.8 |         91.2 |   0.4 |   10.3 |     90.0 |   0.0 |    2.1 |             2
ppo_dr_lap4 [x12]                      |    85.8 |   1.7 |    5.4 |  97.1 |   14.6 |         90.8 |   0.4 |   10.2 |     90.0 |   0.0 |    2.1 |             4
ppo_dr_lap6 [x12]                      |    78.3 |   0.8 |    5.6 |  96.9 |   14.5 |         88.3 |   0.8 |   10.2 |     87.5 |   0.0 |    2.0 |             6
ppo_dr_lap8 [x12]                      |    86.7 |   4.2 |    5.4 |  96.6 |   14.7 |         88.8 |   0.8 |   10.6 |     81.7 |   0.0 |    2.0 |             8
ppo_dr_zs [x12]                        |    72.5 |   1.7 |    7.3 |  97.4 |   14.4 |         92.1 |   0.4 |   10.2 |    100.0 |   0.0 |    2.1 |             0
rma_zs [x12]                           |    60.0 |   1.7 |    9.5 |  98.2 |   14.5 |         85.0 |   0.4 |   10.4 |     90.0 |   0.0 |    2.1 |             0
v1narrow_hw24 [x12]                    |    67.5 |   3.3 |    8.7 |  97.8 |   14.9 |         80.0 |   0.8 |   11.0 |     98.3 |   0.0 |    2.6 |            24
v3drA_s0_hw24 [x12]                    |    75.8 |  13.3 |    4.0 |  97.1 |   13.8 |         79.2 |   2.5 |   10.5 |     90.0 |   0.0 |    2.4 |            23
v3drA_s0_zs [x12]                      |    79.2 |   3.3 |    6.5 |  95.6 |   13.3 |         79.2 |   1.7 |   10.1 |    100.0 |   0.0 |    2.4 |             0
v3drA_s1_hw24 [x12]                    |    69.2 |  20.8 |    3.4 |  96.8 |   13.6 |         72.5 |  12.1 |   12.2 |     80.0 |   0.0 |    2.3 |            23
v3drA_s1_zs [x12]                      |    76.7 |  13.3 |    5.1 |  96.3 |   12.8 |         73.8 |  10.8 |   12.9 |     89.2 |   0.8 |    2.4 |             0
v3drB_s0_hw24 [x12]                    |    70.0 |  10.0 |    4.6 |  96.7 |   13.9 |         72.9 |   5.0 |   11.1 |     80.0 |   0.0 |    2.3 |            23
v3drB_s0_zs [x12]                      |    80.0 |   0.0 |    5.7 |  96.3 |   13.0 |         80.0 |   0.0 |    9.9 |    100.0 |   0.0 |    2.2 |             0
v3drB_s1_hw24 [x12]                    |    70.0 |  19.2 |    4.5 |  96.0 |   14.1 |         81.7 |  10.0 |   10.2 |     76.7 |   0.0 |    2.4 |            23
v3drB_s1_zs [x12]                      |    71.7 |   9.2 |    6.5 |  96.4 |   13.5 |         79.2 |   1.2 |   10.0 |    100.0 |   0.0 |    2.2 |             0
v3noexp_s0_hw24 [x12]                  |    57.5 |  25.0 |    9.5 |  96.6 |   14.3 |         75.4 |   8.8 |   11.1 |     90.0 |   0.0 |    2.6 |            23
v3noexp_s0_zs [x12]                    |    20.8 |  23.3 |   12.8 |  97.0 |   13.4 |         62.9 |   4.2 |   10.8 |     88.3 |   0.0 |    2.6 |             0
v3nom_s0_hw24 [x12]                    |    79.2 |  10.8 |    4.1 |  97.2 |   13.5 |         79.2 |   5.8 |   10.1 |     79.2 |   0.0 |    2.7 |            23
v3nom_s0_hw24_b25only [x12]            |    85.8 |   2.5 |    4.0 |  96.2 |   13.8 |         56.2 |  14.2 |   10.0 |     45.8 |  20.8 |   26.5 |            24
v3nom_s0_hw24_flip [x12]               |    50.8 |  15.0 |   12.0 |  95.6 |   12.8 |         50.0 |  11.2 |   11.7 |     80.0 |   0.8 |    2.6 |            23
v3nom_s0_hw24_noRB [x12]               |    79.2 |  10.8 |    4.2 |  97.2 |   13.5 |         78.3 |   6.7 |   10.4 |     80.0 |   0.0 |    2.7 |            23
v3nom_s0_hw24_noTR [x12]               |    78.3 |  11.7 |    4.4 |  97.2 |   13.8 |         78.8 |   2.1 |   10.4 |     78.3 |   0.8 |    3.7 |            23
v3nom_s0_hw24_openG [x12]              |    79.2 |  10.0 |    6.2 |  98.0 |   14.6 |         82.5 |   6.2 |   11.2 |     90.0 |   0.0 |    2.5 |            23
v3nom_s0_hw24_s2 [x12]                 |    75.8 |   8.3 |    6.2 |  96.5 |   15.1 |         79.2 |   2.1 |   10.5 |     85.8 |   0.0 |    2.6 |            23
v3nom_s0_hw24vs [x12]                  |    80.0 |   2.5 |    5.2 |  96.5 |   13.5 |         79.2 |   1.7 |   10.1 |     90.0 |   0.0 |    2.5 |            23
v3nom_s0_hw48 [x12]                    |    79.2 |  10.8 |    3.5 |  97.6 |   13.6 |         77.9 |   6.2 |   10.8 |     31.7 |  26.7 |   21.8 |            47
v3nom_s0_hw96 [x12]                    |    45.0 |  27.5 |    9.9 |  93.9 |   12.8 |         42.9 |  35.4 |   13.9 |     18.3 |  35.8 |   32.5 |            95
v3nom_s0_hw96_cTR [x12]                |    59.2 |  22.5 |    6.6 |  96.2 |   13.0 |         40.4 |  37.9 |   21.0 |     15.8 |  45.0 |   41.1 |            95
v3nom_s0_lap10 [x12]                   |    79.2 |   7.5 |    4.5 |  96.2 |   13.6 |         79.2 |  15.0 |   10.7 |     87.5 |  10.0 |    2.1 |            10
v3nom_s0_lap10big [x12]                |    80.0 |   1.7 |    5.3 |  96.3 |   13.7 |         73.3 |  11.7 |    9.6 |     50.0 |  14.2 |    9.8 |            10
v3nom_s0_lap2 [x12]                    |    79.2 |   3.3 |    6.2 |  96.1 |   13.4 |         79.2 |   2.1 |   10.1 |     90.0 |   0.0 |    2.5 |             2
v3nom_s0_lap4 [x12]                    |    79.2 |   5.0 |    6.2 |  96.8 |   14.5 |         79.2 |   2.1 |   10.2 |     90.0 |   0.0 |    2.5 |             4
v3nom_s0_lap6 [x12]                    |    79.2 |   4.2 |    5.7 |  96.2 |   14.1 |         79.2 |   1.2 |   10.1 |     90.0 |   0.0 |    2.7 |             6
v3nom_s0_lap6big [x12]                 |    80.0 |   3.3 |    5.9 |  95.9 |   13.7 |         79.6 |   9.2 |   10.2 |     80.0 |  10.0 |    2.3 |             6
v3nom_s0_lap6g6 [x12]                  |    79.2 |   9.2 |    6.5 |  98.1 |   14.2 |         78.8 |   2.1 |   10.3 |     90.0 |   0.0 |    2.4 |             6
v3nom_s0_lap8 [x12]                    |    79.2 |   2.5 |    4.9 |  96.2 |   13.5 |         79.2 |   4.2 |   10.1 |     89.2 |  10.0 |    2.2 |             8
v3nom_s0_zs [x12]                      |    78.3 |   4.2 |    7.0 |  96.0 |   13.3 |         78.8 |   2.5 |   10.2 |     90.0 |   0.0 |    2.4 |             0
v3nom_s1_hw24 [x12]                    |    70.0 |  18.3 |    5.6 |  96.3 |   13.9 |         75.0 |   7.1 |   13.4 |     88.3 |   0.8 |    2.4 |            23
v3nom_s1_lap10 [x12]                   |    68.3 |  15.8 |    4.7 |  96.3 |   13.8 |         66.7 |  18.8 |   11.0 |     80.0 |   1.7 |    2.9 |             9
v3nom_s1_lap2 [x12]                    |    75.8 |   9.2 |    7.0 |  96.9 |   13.4 |         73.8 |   5.8 |   11.2 |     87.5 |   0.0 |    2.4 |             2
v3nom_s1_lap4 [x12]                    |    70.8 |  12.5 |    6.3 |  96.1 |   13.2 |         70.4 |   8.3 |   11.8 |     85.8 |   0.0 |    2.5 |             4
v3nom_s1_lap6 [x12]                    |    70.0 |  20.0 |    4.1 |  97.1 |   13.3 |         67.9 |  12.9 |   13.2 |     80.0 |   0.0 |    2.6 |             6
v3nom_s1_lap8 [x12]                    |    69.2 |  14.2 |    5.2 |  96.4 |   13.8 |         67.9 |  17.1 |   10.8 |     83.3 |   5.0 |    3.0 |             8
v3nom_s1_zs [x12]                      |    70.0 |  16.7 |    8.3 |  95.5 |   13.4 |         69.2 |   9.2 |   11.7 |     80.8 |   0.0 |    3.0 |             0
v3nom_s2_hw24 [x12]                    |    79.2 |   3.3 |    5.2 |  96.7 |   13.4 |         78.8 |   2.1 |   10.3 |     80.0 |   0.0 |    2.7 |            24
v3nom_s2_zs [x12]                      |    78.3 |   4.2 |    7.0 |  96.0 |   12.9 |         77.9 |   2.9 |    9.9 |     90.0 |   0.0 |    2.4 |             0
v3olG_s0_hw24 [x12]                    |    80.0 |   1.7 |    5.9 |  97.4 |   13.0 |         80.0 |   0.4 |   10.1 |     80.0 |  10.8 |    2.6 |            24
v3olG_s0_zs [x12]                      |    77.5 |   3.3 |    9.8 |  97.9 |   13.2 |         78.8 |   2.5 |    9.7 |     80.0 |   0.8 |    2.7 |             0
v5ppoDR_s0_hw24 [x12]                  |    60.8 |   5.0 |    9.9 | 102.5 |   19.6 |         88.3 |   2.1 |   12.6 |    100.0 |   0.0 |    2.4 |            24
v5ppoDR_s0_zs [x12]                    |    42.5 |   0.0 |   11.2 |  98.6 |   16.9 |         83.8 |   1.2 |   10.6 |    100.0 |   0.0 |    2.2 |             0
v5ppoNom_s0_hw24 [x12]                 |    56.7 |  15.0 |    7.3 |  96.0 |   15.8 |         87.1 |   5.4 |   10.9 |     98.3 |   0.0 |    2.4 |            24
v5ppoNom_s0_zs [x12]                   |    41.7 |   2.5 |   11.0 |  95.0 |   20.2 |         86.7 |   1.7 |   10.6 |    100.0 |   0.0 |    2.3 |             0
v6nom_s0_hw24 [x12]                    |    58.3 |  31.7 |    3.9 |  97.3 |   14.4 |         70.8 |  10.8 |   14.2 |     98.3 |   0.0 |    2.6 |            22
v6nom_s0_hw24fb [x12, adaptive goals]  |    49.2 |  37.5 |    7.4 |  98.1 |   18.5 |         72.1 |   7.1 |   10.9 |    100.0 |   0.0 |    2.5 |            22
v6nom_s0_hw24fb3 [x12, adaptive goals] |    48.3 |  38.3 |    8.2 | 100.7 |   20.3 |         69.6 |   9.2 |   11.2 |    100.0 |   0.0 |    2.5 |            22
v6nom_s0_hw48fb3 [x12, adaptive goals] |    51.7 |  26.7 |    8.7 | 102.6 |   21.6 |         67.9 |   6.7 |   14.3 |     27.5 |  15.0 |   21.4 |            45
v6nom_s0_zs [x12]                      |    63.3 |  24.2 |    7.3 |  97.2 |   14.4 |         74.6 |  10.0 |   10.5 |    100.0 |   0.0 |    2.4 |             0
v6nom_s1_hw24 [x12]                    |    63.3 |  14.2 |    6.3 | 100.3 |   17.6 |         78.3 |   1.2 |   11.3 |     90.0 |   0.0 |    2.6 |            23
v6nom_s1_hw24fb [x12, adaptive goals]  |    66.7 |  17.5 |    7.3 | 104.3 |   20.0 |         74.2 |   3.3 |   15.1 |     86.7 |   0.0 |    2.6 |            23
v6nom_s1_hw24fb3 [x12, adaptive goals] |    66.7 |  15.8 |    9.5 | 111.5 |   25.2 |         74.2 |   2.9 |   14.9 |     87.5 |   0.0 |    2.6 |            23
v6nom_s1_zs [x12]                      |    74.2 |   6.7 |    7.6 |  96.7 |   14.4 |         77.1 |   3.7 |   10.8 |     99.2 |   0.0 |    2.4 |             0
track_ilc (3 laps per plan)            |    76.7 |   7.5 |    6.2 |  96.5 |   13.9 |         75.4 |   3.8 |   11.9 |     99.2 |   0.0 |    2.4 |            24
track_ilc (4 laps per plan)            |    70.8 |   7.5 |    6.3 |  96.3 |   14.1 |         79.6 |   0.4 |   11.0 |     89.2 |   0.0 |    2.6 |            32
track_ilc (12 laps per plan)           |    80.0 |   0.0 |    5.5 |  97.1 |   14.7 |         80.0 |   0.0 |   11.4 |     96.7 |   0.0 |    2.8 |            96
track_ilc_laps (1 laps per plan)       |    69.2 |  20.8 |    5.8 |  97.9 |   13.5 |         79.6 |   3.8 |   10.3 |     99.2 |   0.0 |    2.4 |             8
track_ilc_laps (2 laps per plan)       |    70.0 |  20.0 |    5.1 |  97.8 |   13.7 |         79.6 |   0.8 |   10.3 |     99.2 |   0.0 |    2.4 |            16
track_ilc_laps (3 laps per plan)       |    70.0 |  10.8 |    6.0 |  96.8 |   14.0 |         79.6 |   0.4 |   10.7 |     99.2 |   0.0 |    2.5 |            24
track_ilc_laps (4 laps per plan)       |    70.0 |  10.0 |    5.7 |  96.8 |   13.9 |         79.6 |   0.4 |   10.7 |     99.2 |   0.0 |    2.6 |            32
track_ilc_laps (5 laps per plan)       |    76.7 |   4.2 |    5.6 |  96.5 |   13.7 |         80.0 |   0.0 |   10.6 |    100.0 |   0.0 |    2.6 |            40
