arm                                    | b25 ok% | fail% | e_y cm | pace% | |beta| | held-out ok% | fail% | |beta| | grip ok% | fail% | |beta| | real laps/car
---------------------------------------+---------+-------+--------+-------+--------+--------------+-------+--------+----------+-------+--------+--------------
bcB_hw24b [x12]                        |    67.5 |  12.5 |    8.3 |  96.3 |   11.8 |         78.3 |   2.9 |    9.0 |     90.0 |   0.0 |    2.5 |            21
bcB_zs [x12]                           |    40.0 |  43.3 |    7.0 |  97.8 |   11.8 |         40.4 |  32.1 |    8.6 |     90.0 |   0.0 |    2.1 |             0
fada_hw24 [x12]                        |     0.0 | 100.0 |    nan |   nan |    nan |          0.0 |  95.4 |    2.7 |      0.0 |  90.0 |    3.3 |             9
fada_hw24_zs [x12]                     |     0.0 | 100.0 |    nan |   nan |    nan |          1.7 |  75.0 |    5.6 |     30.0 |  32.5 |    1.9 |             0
fada_real_l05_ep0 [x12]                |     0.0 | 100.0 |    nan |   nan |    nan |          0.0 | 100.0 |    nan |     30.0 |  30.0 |    1.9 |             0
fada_real_l05_ep1536 [x12]             |     0.0 | 100.0 |    nan |   nan |    nan |          0.0 | 100.0 |    nan |     10.0 |  88.3 |   18.0 |           483
fada_real_l05_ep192 [x12]              |     0.0 | 100.0 |    nan |   nan |    nan |          0.0 | 100.0 |    nan |     30.0 |  53.3 |    1.6 |            60
fada_real_l05_ep2016 [x12]             |     0.0 | 100.0 |    nan |   nan |    nan |          0.0 | 100.0 |    nan |     10.0 |  90.0 |    0.7 |           625
fada_real_l05_ep24 [x12]               |     0.0 | 100.0 |    nan |   nan |    nan |          0.0 | 100.0 |    nan |      0.0 |  55.0 |    3.5 |            10
fada_real_l05_ep384 [x12]              |     0.0 | 100.0 |    nan |   nan |    nan |          0.0 |  98.3 |    4.4 |     18.3 |  58.3 |    3.2 |           122
fada_real_l05_ep48 [x12]               |     0.0 | 100.0 |    nan |   nan |    nan |          0.0 | 100.0 |    nan |      6.7 |  80.0 |    2.9 |            17
fada_real_l05_ep768 [x12]              |     0.0 | 100.0 |    nan |   nan |    nan |          0.0 | 100.0 |    nan |     10.0 |  80.0 |    1.2 |           245
fada_real_l05_ep96 [x12]               |     0.0 | 100.0 |    nan |   nan |    nan |          0.0 |  98.3 |    1.2 |     30.0 |  63.3 |    1.4 |            31
fada_real_l08_ep0 [x12]                |     0.0 | 100.0 |    nan |   nan |    nan |          1.7 |  75.0 |    5.6 |     30.0 |  30.0 |    1.9 |             0
fada_real_l08_ep1536 [x12]             |     0.0 | 100.0 |    nan |   nan |    nan |          0.0 |  98.3 |    4.5 |      0.0 |  93.3 |    4.8 |           497
fada_real_l08_ep192 [x12]              |     0.0 | 100.0 |    nan |   nan |    nan |          0.0 | 100.0 |    nan |      0.0 |  73.3 |    4.3 |            73
fada_real_l08_ep2016 [x12]             |     0.0 | 100.0 |    nan |   nan |    nan |          0.0 | 100.0 |    nan |      0.0 |  96.7 |    6.0 |           643
fada_real_l08_ep24 [x12]               |     0.0 | 100.0 |    nan |   nan |    nan |          0.0 |  95.0 |    5.1 |     33.3 |  31.7 |    1.9 |            13
fada_real_l08_ep384 [x12]              |     0.0 | 100.0 |    nan |   nan |    nan |          0.0 |  97.5 |    2.6 |      0.0 |  93.3 |    5.5 |           136
fada_real_l08_ep48 [x12]               |     0.0 | 100.0 |    nan |   nan |    nan |          0.0 | 100.0 |    nan |      8.3 |  65.0 |    2.4 |            24
fada_real_l08_ep768 [x12]              |     0.0 | 100.0 |    nan |   nan |    nan |          0.0 |  97.5 |    4.0 |      0.0 |  83.3 |    5.7 |           259
fada_real_l08_ep96 [x12]               |     0.0 | 100.0 |    nan |   nan |    nan |          0.0 | 100.0 |    nan |      0.0 |  78.3 |    3.7 |            40
fada_real_l095_ep0 [x12]               |     1.7 |  71.7 |   16.2 | 103.2 |   10.9 |         20.0 |  58.3 |    8.3 |     30.0 |  38.3 |    2.9 |             0
fada_real_l095_ep1536 [x12]            |     0.0 | 100.0 |    nan |   nan |    nan |          0.0 | 100.0 |    nan |      0.0 | 100.0 |    nan |           566
fada_real_l095_ep192 [x12]             |     0.0 | 100.0 |    nan |   nan |    nan |          0.0 | 100.0 |    nan |      0.0 | 100.0 |    nan |            94
fada_real_l095_ep2016 [x12]            |     0.0 | 100.0 |    nan |   nan |    nan |          0.0 | 100.0 |    nan |      0.0 | 100.0 |    nan |           727
fada_real_l095_ep24 [x12]              |     0.0 |  98.3 |   21.0 | 104.3 |    8.4 |          8.3 |  78.3 |    6.8 |      3.3 |  73.3 |    3.8 |            15
fada_real_l095_ep384 [x12]             |     0.0 | 100.0 |    nan |   nan |    nan |          0.0 | 100.0 |    nan |      0.0 |  83.3 |    3.0 |           169
fada_real_l095_ep48 [x12]              |     0.0 | 100.0 |    nan |   nan |    nan |          9.2 |  81.7 |    6.2 |     10.0 |  80.0 |    2.5 |            28
fada_real_l095_ep768 [x12]             |     0.0 | 100.0 |    nan |   nan |    nan |          0.0 | 100.0 |    nan |      0.0 | 100.0 |    nan |           304
fada_real_l095_ep96 [x12]              |     0.0 | 100.0 |    nan |   nan |    nan |          2.5 |  91.7 |    6.0 |      0.0 |  95.0 |    2.9 |            52
fada_real_oracle_ep0 [x12]             |     3.3 |  85.0 |   13.7 | 101.7 |   12.4 |         23.3 |  65.8 |    9.4 |     73.3 |  21.7 |    2.3 |             0
fada_real_oracle_ep1536 [x12]          |     1.7 |  93.3 |   10.7 |  99.4 |   11.9 |          2.5 |  89.2 |    7.9 |     15.0 |  68.3 |    2.5 |          1014
fada_real_oracle_ep192 [x12]           |     1.7 |  85.0 |   12.1 |  97.1 |   13.2 |          6.7 |  80.0 |    9.6 |     16.7 |  51.7 |    3.0 |           127
fada_real_oracle_ep2016 [x12]          |     0.0 |  95.0 |   11.6 |  99.5 |   11.8 |          0.0 |  95.8 |    8.1 |     13.3 |  61.7 |    1.2 |          1329
fada_real_oracle_ep24 [x12]            |    18.3 |  75.0 |    9.2 |  99.6 |   11.5 |         25.8 |  67.5 |    9.6 |     46.7 |  40.0 |    2.2 |            16
fada_real_oracle_ep384 [x12]           |     3.3 |  93.3 |   11.1 | 100.4 |   11.4 |          5.0 |  85.8 |    8.9 |     23.3 |  41.7 |    2.9 |           256
fada_real_oracle_ep48 [x12]            |    10.0 |  78.3 |   11.0 | 100.1 |   11.6 |         20.8 |  68.3 |    9.8 |     33.3 |  50.0 |    2.4 |            32
fada_real_oracle_ep768 [x12]           |     3.3 |  86.7 |   11.9 | 100.6 |   11.7 |          7.5 |  85.0 |    8.8 |     35.0 |  50.0 |    2.4 |           511
fada_real_oracle_ep96 [x12]            |     5.0 |  85.0 |   11.1 |  99.4 |   11.5 |         16.7 |  69.2 |    9.7 |     33.3 |  45.0 |    3.2 |            63
lqr_zs [x12]                           |    40.0 |  47.5 |    7.4 |  98.1 |   12.0 |         40.0 |  31.7 |    8.6 |     90.0 |   0.0 |    2.1 |             0
ppo_dr_hw24 [x12]                      |    47.5 |  50.8 |    6.8 |  98.2 |   16.0 |         56.2 |  20.8 |   10.2 |     85.0 |   0.0 |    2.2 |            21
ppo_dr_hw24_s2 [x12]                   |    46.7 |  50.8 |    6.7 |  98.4 |   15.5 |         55.0 |  24.6 |   10.1 |     81.7 |   0.0 |    2.1 |            20
ppo_dr_hw48 [x12]                      |    40.8 |  49.2 |    7.2 |  96.5 |   15.4 |         65.8 |  14.2 |   10.3 |     85.0 |   1.7 |    2.2 |            43
ppo_dr_hw48_s2 [x12]                   |    44.2 |  50.8 |    6.9 |  96.9 |   15.5 |         60.4 |  20.4 |   10.2 |     90.0 |   0.0 |    2.1 |            41
ppo_dr_hw48_s3 [x12]                   |    45.0 |  50.8 |    6.0 |  97.9 |   16.4 |         62.5 |  20.4 |   10.3 |     79.2 |  10.0 |    1.9 |            41
ppo_dr_hw96_cTR [x12]                  |    45.0 |  44.2 |    7.0 |  96.2 |   15.0 |         62.5 |  14.6 |   10.4 |     80.0 |  10.0 |    1.9 |            86
ppo_dr_zs [x12]                        |    36.7 |  54.2 |    9.1 |  99.0 |   14.5 |         49.2 |  33.3 |    9.4 |     90.0 |   0.0 |    2.1 |             0
ppo_real_ep0 [x12]                     |    25.0 |  55.0 |    9.8 |  99.1 |   14.2 |         50.8 |  30.8 |    9.4 |     90.0 |   0.0 |    2.1 |             0
ppo_real_ep1536 [x12]                  |    78.3 |  16.7 |    6.1 |  97.4 |   15.4 |         89.2 |   5.8 |   10.4 |     80.0 |   0.0 |    2.0 |          1419
ppo_real_ep192 [x12]                   |    31.7 |  51.7 |    9.6 |  99.0 |   14.3 |         50.0 |  30.0 |    9.4 |     90.0 |   0.0 |    2.1 |           168
ppo_real_ep2016 [x12]                  |    90.0 |  10.0 |    4.6 |  96.8 |   15.9 |         85.0 |   0.8 |   10.8 |     80.0 |   0.0 |    2.0 |          1887
ppo_real_ep24 [x12]                    |    25.0 |  55.0 |    9.8 |  99.1 |   14.2 |         50.8 |  30.8 |    9.4 |     90.0 |   0.0 |    2.1 |            22
ppo_real_ep384 [x12]                   |    38.3 |  50.0 |    9.4 |  98.9 |   14.4 |         53.3 |  30.0 |    9.4 |     90.0 |   0.0 |    2.1 |           337
ppo_real_ep48 [x12]                    |    28.3 |  55.0 |    9.8 |  99.1 |   14.2 |         50.8 |  30.8 |    9.4 |     90.0 |   0.0 |    2.0 |            43
ppo_real_ep768 [x12]                   |    46.7 |  50.0 |    7.5 |  98.2 |   15.0 |         66.7 |  22.5 |    9.7 |     90.0 |   0.0 |    2.1 |           685
ppo_real_ep96 [x12]                    |    25.0 |  56.7 |    9.8 |  99.1 |   14.2 |         50.0 |  30.0 |    9.4 |     90.0 |   0.0 |    2.1 |            85
rma_real_ep0 [x12]                     |    53.3 |  41.7 |    9.4 |  98.8 |   13.9 |         61.7 |   8.3 |    9.3 |     80.0 |   0.0 |    1.9 |             0
rma_real_ep1536 [x12]                  |    83.3 |   5.0 |    4.7 |  96.1 |   16.6 |         80.0 |   0.0 |   11.1 |     85.0 |   0.0 |    2.1 |          1489
rma_real_ep192 [x12]                   |    48.3 |  43.3 |    9.0 |  98.7 |   14.0 |         61.7 |   8.3 |    9.4 |     83.3 |   0.0 |    1.9 |           182
rma_real_ep2016 [x12]                  |    81.7 |   1.7 |    3.6 |  95.8 |   16.8 |         80.0 |   0.0 |   11.2 |     80.0 |   0.0 |    2.1 |          1964
rma_real_ep24 [x12]                    |    53.3 |  41.7 |    9.4 |  98.8 |   13.9 |         61.7 |   8.3 |    9.3 |     80.0 |   0.0 |    1.9 |            23
rma_real_ep384 [x12]                   |    53.3 |  35.0 |    8.9 |  98.4 |   13.6 |         69.2 |   8.3 |    9.6 |     80.0 |   0.0 |    1.9 |           364
rma_real_ep48 [x12]                    |    51.7 |  40.0 |    9.4 |  98.8 |   13.9 |         60.0 |   8.3 |    9.4 |     80.0 |   0.0 |    1.9 |            45
rma_real_ep768 [x12]                   |    68.3 |  20.0 |    6.9 |  97.9 |   15.1 |         79.2 |   2.5 |   10.3 |     80.0 |   0.0 |    1.9 |           734
rma_real_ep96 [x12]                    |    50.0 |  40.0 |    9.3 |  98.7 |   13.8 |         61.7 |   9.2 |    9.3 |     86.7 |   0.0 |    1.9 |            91
rma_zs [x12]                           |    46.7 |  50.8 |    8.6 |  98.8 |   15.8 |         57.5 |  23.3 |    9.8 |     89.2 |   0.0 |    1.9 |             0
v1narrow_hw24 [x12]                    |    40.8 |  49.2 |    4.8 |  97.3 |   12.7 |         76.2 |   8.3 |    9.0 |     90.0 |   0.0 |    2.3 |            21
v3drA_s0_hw24 [x12]                    |    50.0 |  35.8 |    6.4 |  95.6 |   12.5 |         76.2 |   6.3 |    9.1 |     90.0 |   2.5 |    2.3 |            21
v3drA_s0_zs [x12]                      |    75.0 |  14.2 |    6.8 |  96.1 |   11.5 |         67.1 |  17.1 |    8.6 |     90.0 |   1.7 |    2.2 |             0
v3drA_s1_hw24 [x12]                    |    40.8 |  46.7 |    5.4 |  96.6 |   12.8 |         49.6 |  35.8 |    9.2 |     90.0 |   1.7 |    2.2 |            20
v3drA_s1_zs [x12]                      |    49.2 |  26.7 |    7.0 |  95.6 |   11.6 |         45.0 |  39.2 |    9.0 |     90.0 |   1.7 |    2.3 |             0
v3drB_s0_hw24 [x12]                    |    78.3 |   0.8 |    6.7 |  94.8 |   11.4 |         75.0 |   2.5 |    8.8 |     90.0 |   0.0 |    2.2 |            22
v3drB_s0_hw24_pt95 [x12]               |    69.2 |   5.0 |    6.3 |  93.9 |   10.7 |         70.4 |   3.8 |    8.2 |     90.0 |   0.0 |    2.2 |            22
v3drB_s0_zs [x12]                      |    68.3 |   7.5 |    8.2 |  95.7 |   11.1 |         72.5 |   6.7 |    8.6 |     90.0 |   0.0 |    2.1 |             0
v3drB_s1_hw24 [x12]                    |    67.5 |  12.5 |    6.3 |  94.7 |   12.4 |         62.1 |  17.1 |    9.4 |     90.0 |   0.8 |    2.0 |            21
v3drB_s1_zs [x12]                      |    68.3 |  20.8 |    6.6 |  96.0 |   11.8 |         67.1 |  26.2 |    8.9 |     90.0 |   0.0 |    2.1 |             0
v3drBt_s0_hw24 [x12]                   |    80.0 |   0.0 |    6.5 |  96.5 |   11.4 |         80.0 |   0.4 |    8.6 |     98.3 |   0.0 |    2.1 |            23
v3drBt_s0_hw24_pt95 [x12]              |    80.0 |   0.0 |    6.1 |  95.9 |   10.8 |         80.0 |   0.4 |    8.0 |     99.2 |   0.0 |    2.1 |            23
v3drBt_s0_zs [x12]                     |    72.5 |   0.8 |    7.8 |  96.9 |   11.2 |         79.2 |   1.2 |    8.4 |     90.0 |   0.0 |    2.1 |             0
v3drBw_s0_hw24 [x12]                   |    69.2 |  13.3 |    5.7 |  95.7 |   11.4 |         70.8 |   5.4 |    8.8 |     90.0 |   0.8 |    2.2 |            22
v3drBw_s0_hw24_pt95 [x12]              |    67.5 |  10.8 |    6.2 |  94.8 |   11.1 |         72.1 |   4.2 |    8.3 |     83.3 |   2.5 |    2.2 |            22
v3drBw_s0_zs [x12]                     |    55.0 |  14.2 |    6.9 |  96.2 |   11.1 |         62.5 |  11.2 |    8.4 |     90.0 |   2.5 |    2.2 |             0
v3noexp_s0_hw24 [x12]                  |    13.3 |  31.7 |   12.1 |  99.1 |   11.2 |         50.4 |  30.0 |    8.6 |     75.0 |  13.3 |    2.5 |            19
v3noexp_s0_zs [x12]                    |     0.0 |  42.5 |   13.6 |  99.5 |   10.5 |         32.1 |  33.8 |    8.5 |     82.5 |  16.7 |    2.3 |             0
v3nom_s0_hw24 [x12]                    |    40.0 |  44.2 |    7.1 |  97.0 |   14.0 |         67.1 |   5.0 |    9.1 |     90.0 |   0.8 |    2.3 |            21
v3nom_s0_hw24_b25only [x12]            |    45.8 |  40.0 |    7.3 |  95.7 |   12.6 |         55.8 |   8.3 |    9.1 |     81.7 |   2.5 |    2.1 |            21
v3nom_s0_hw24_flip [x12]               |    40.0 |  23.3 |    8.5 |  96.9 |   10.9 |         40.0 |  35.8 |    8.4 |     90.0 |   6.7 |    2.2 |            20
v3nom_s0_hw24_noRB [x12]               |    40.0 |  44.2 |    7.1 |  97.0 |   14.0 |         67.1 |   5.0 |    9.1 |     90.0 |   0.8 |    2.3 |            21
v3nom_s0_hw24_noTR [x12]               |    59.2 |  30.8 |    6.2 |  96.5 |   12.2 |         70.4 |   5.8 |    9.1 |     90.0 |   2.5 |    2.5 |            21
v3nom_s0_hw24_openG [x12]              |    58.3 |  21.7 |    7.8 |  96.2 |   10.9 |         51.2 |  21.2 |    8.5 |     90.0 |   0.0 |    2.2 |            21
v3nom_s0_hw24_s2 [x12]                 |    50.0 |  31.7 |    6.4 |  96.6 |   12.0 |         58.3 |   6.7 |    9.0 |     90.0 |   1.7 |    2.2 |            21
v3nom_s0_hw24vs [x12]                  |    53.3 |  11.7 |    8.0 |  95.4 |   11.7 |         55.8 |  10.4 |    9.0 |     90.0 |   0.8 |    2.2 |            19
v3nom_s0_hw48 [x12]                    |    49.2 |  32.5 |    7.1 |  95.8 |   12.7 |         67.5 |   4.6 |    9.1 |     90.0 |   0.8 |    2.2 |            43
v3nom_s0_hw96 [x12]                    |    44.2 |  38.3 |    6.8 |  96.3 |   13.4 |         62.9 |  11.7 |    9.3 |     90.0 |   1.7 |    2.3 |            87
v3nom_s0_hw96_cTR [x12]                |    43.3 |  40.0 |    6.3 |  96.0 |   13.4 |         62.9 |  12.9 |    9.3 |     90.0 |   0.0 |    2.3 |            87
v3nom_s0_zs [x12]                      |    51.7 |  21.7 |    7.4 |  96.4 |   11.3 |         48.8 |  23.8 |    8.6 |     90.0 |   2.5 |    2.2 |             0
v3nom_s1_hw24 [x12]                    |    40.0 |  47.5 |    5.7 |  96.9 |   12.6 |         49.6 |  32.5 |    9.1 |     90.0 |   0.0 |    2.3 |            19
v3nom_s1_zs [x12]                      |    40.8 |  37.5 |    6.6 |  96.5 |   11.6 |         40.0 |  40.4 |    9.0 |     90.0 |   2.5 |    2.3 |             0
v3nom_s2_hw24 [x12]                    |    40.0 |  40.8 |    6.5 |  97.2 |   12.6 |         50.0 |  25.0 |    9.0 |     90.0 |   0.0 |    2.3 |            20
v3nom_s2_zs [x12]                      |    40.0 |  40.0 |    6.8 |  97.3 |   12.0 |         40.4 |  40.4 |    9.0 |     90.0 |   0.8 |    2.3 |             0
v3olG_s0_hw24 [x12]                    |    46.7 |  35.0 |    7.6 |  97.6 |   11.2 |         58.8 |  20.0 |    8.2 |     80.0 |   2.5 |    2.6 |            20
v3olG_s0_zs [x12]                      |    40.0 |  36.7 |    8.2 |  97.7 |   10.6 |         42.1 |  31.2 |    8.0 |     90.0 |   2.5 |    2.4 |             0
v5ppoDR_s0_hw24 [x12]                  |    54.2 |  41.7 |    8.2 |  96.5 |   14.6 |         71.2 |   2.9 |   10.3 |     70.8 |   0.0 |    2.2 |            22
v5ppoDR_s0_zs [x12]                    |    48.3 |  45.0 |    9.2 |  97.9 |   14.7 |         55.4 |  17.5 |   10.0 |     84.2 |   0.0 |    2.1 |             0
v5ppoNom_s0_hw24 [x12]                 |    48.3 |  44.2 |    8.4 |  98.7 |   15.2 |         60.4 |  38.8 |   10.5 |     71.7 |   0.0 |    2.3 |            21
v5ppoNom_s0_zs [x12]                   |    26.7 |  48.3 |   10.0 |  99.2 |   14.2 |         54.2 |  35.4 |    9.9 |     87.5 |   0.0 |    2.2 |             0
v6nom_s0_hw24 [x12]                    |    40.0 |  32.5 |    7.4 |  95.9 |   13.4 |         63.3 |   3.8 |    9.5 |     90.0 |   0.0 |    2.1 |            22
v6nom_s0_hw24fb [x12, adaptive goals]  |    70.0 |  20.0 |    6.2 |  98.5 |   11.7 |         62.9 |   3.3 |    9.5 |     90.0 |   0.0 |    2.1 |            22
v6nom_s0_hw24fb3 [x12, adaptive goals] |    40.0 |  29.2 |    7.8 |  95.8 |   13.2 |         62.9 |   3.8 |    9.5 |     90.0 |   0.0 |    2.2 |            22
v6nom_s0_hw48fb3 [x12, adaptive goals] |    40.0 |  32.5 |    7.4 |  95.7 |   13.2 |         63.3 |   4.2 |    9.5 |     90.0 |   0.0 |    2.1 |            44
v6nom_s0_zs [x12]                      |    40.0 |  25.0 |    7.7 |  96.4 |   12.5 |         62.5 |  10.0 |    9.3 |     90.0 |   0.0 |    2.2 |             0
v6nom_s1_hw24 [x12]                    |    45.8 |  43.3 |    6.5 |  96.1 |   12.5 |         63.3 |  19.6 |    9.6 |     90.0 |   0.0 |    2.2 |            21
v6nom_s1_hw24fb [x12, adaptive goals]  |    56.7 |  33.3 |    5.7 |  96.9 |   12.6 |         68.3 |  20.0 |    9.3 |     80.0 |   0.0 |    2.2 |            21
v6nom_s1_hw24fb3 [x12, adaptive goals] |    53.3 |  33.3 |    6.3 |  96.1 |   12.3 |         70.8 |  16.2 |   10.2 |     79.2 |   0.0 |    2.3 |            20
v6nom_s1_zs [x12]                      |    50.8 |  34.2 |    7.0 |  95.9 |   12.6 |         67.1 |  20.4 |   11.2 |     90.0 |   0.0 |    2.2 |             0
track_ilc (3 laps per plan)            |    68.3 |  20.0 |    7.3 |  97.4 |   12.2 |         75.0 |  10.0 |    9.3 |     93.3 |   0.8 |    2.4 |            24
track_ilc (4 laps per plan)            |    70.0 |  20.0 |    6.4 |  97.6 |   12.5 |         70.0 |  15.8 |    9.5 |     90.0 |   0.8 |    2.6 |            32
track_ilc (12 laps per plan)           |    80.0 |   0.8 |    6.6 |  96.6 |   13.4 |         75.0 |  10.0 |   10.8 |     90.0 |   0.8 |    3.3 |            96
