arm                                    | drift ok% | fail% | e_y cm | dbeta deg | held-out ok% | fail% | grip ok% | fail% | real laps/car
---------------------------------------+-----------+-------+--------+-----------+--------------+-------+----------+-------+--------------
lqr_zs [x12]                           |      34.2 |  29.2 |    7.4 |       9.6 |         40.0 |  20.4 |     89.2 |   0.8 |             0
v3nom_s0_zs [x12]                      |      34.2 |  35.0 |    6.6 |       8.6 |         35.0 |  25.8 |     89.2 |  10.0 |             0
v3nom_s1_zs [x12]                      |      38.3 |  29.2 |    7.0 |       9.2 |         33.3 |  28.7 |     90.0 |   7.5 |             0
v3nom_s2_zs [x12]                      |      32.5 |  24.2 |    7.0 |       9.3 |         30.0 |  27.1 |     90.0 |   8.3 |             0
v3nom_s0_hw24r [x12]                   |      49.2 |  37.5 |    4.8 |       6.0 |         43.8 |  25.0 |     85.0 |  10.0 |            22
v3nom_s1_hw24r [x12]                   |      60.0 |  24.2 |    5.2 |       7.0 |         40.0 |  29.6 |     80.8 |   5.0 |            22
v3nom_s2_hw24 [x12]                    |      59.2 |  22.5 |    4.9 |       6.7 |         40.0 |  35.8 |     80.0 |  20.0 |            22
v3nom_s0_hw24_s2 [x12]                 |      55.0 |  31.7 |    4.5 |       5.8 |         39.6 |  32.9 |     90.0 |  10.0 |            22
v3nom_s0_hw24vs [x12]                  |      53.3 |  31.7 |    4.8 |       6.1 |         40.0 |  25.8 |     90.0 |  10.0 |            22
v3nom_s0_hw48 [x12]                    |      50.8 |  37.5 |    5.2 |       6.3 |         37.1 |  33.3 |     88.3 |  10.0 |            43
v3nom_s0_hw96 [x12]                    |      48.3 |  41.7 |    4.1 |       5.4 |         30.0 |  51.7 |     90.0 |  10.0 |            87
v3nom_s0_hw96_cTR [x12]                |      52.5 |  32.5 |    3.6 |       4.9 |         29.6 |  50.8 |     80.0 |  19.2 |            86
v6nom_s0_zs [x12]                      |      43.3 |  40.0 |    5.9 |       7.8 |         35.4 |  20.4 |     80.0 |  10.0 |             0
v6nom_s1_zs [x12]                      |      46.7 |  40.8 |    5.4 |       8.3 |         37.5 |  23.8 |     80.0 |  16.7 |             0
v6nom_s0_hw24 [x12]                    |      49.2 |  40.8 |    4.4 |       5.2 |         50.0 |  22.9 |     80.0 |  10.0 |            22
v6nom_s1_hw24 [x12]                    |      60.0 |  30.8 |    3.5 |       5.8 |         44.6 |  24.6 |     80.0 |  16.7 |            21
v6nom_s0_hw24fb [x12, adaptive goals]  |      60.0 |   9.2 |    5.8 |       6.7 |         47.9 |  20.0 |     80.0 |  10.0 |            23
v6nom_s1_hw24fb [x12, adaptive goals]  |      69.2 |   0.8 |    4.5 |       6.4 |         41.7 |  27.5 |     80.0 |  15.0 |            23
v6nom_s0_hw24fb3 [x12, adaptive goals] |      60.0 |  10.8 |    5.0 |       6.5 |         50.4 |  20.4 |     80.0 |  10.0 |            22
v6nom_s1_hw24fb3 [x12, adaptive goals] |      60.0 |  10.8 |    4.6 |       6.9 |         40.0 |  30.0 |     80.0 |  15.8 |            22
v6nom_s0_hw48fb3 [x12, adaptive goals] |      60.0 |   6.7 |    5.3 |       6.5 |         53.3 |  21.7 |     80.0 |  10.0 |            47
v3drA_s0_zs [x12]                      |      58.3 |  31.7 |    5.6 |       7.8 |         34.6 |  27.9 |     81.7 |  14.2 |             0
v3drA_s0_hw24 [x12]                    |      56.7 |  33.3 |    3.9 |       5.4 |         39.6 |  33.3 |     86.7 |  10.8 |            22
v3drA_s1_zs [x12]                      |      52.5 |  27.5 |    6.4 |       8.5 |         30.4 |  36.2 |     87.5 |  10.0 |             0
v3drA_s1_hw24 [x12]                    |      60.0 |  27.5 |    4.8 |       6.5 |         41.2 |  38.3 |     90.0 |  10.0 |            22
v3drB_s0_zs [x12]                      |      50.0 |  27.5 |    6.0 |       8.3 |         32.5 |  25.0 |     90.0 |  10.0 |             0
v3drB_s0_hw24 [x12]                    |      56.7 |  24.2 |    3.9 |       5.9 |         44.6 |  27.9 |     83.3 |   7.5 |            22
v3drB_s1_zs [x12]                      |      50.0 |  37.5 |    5.9 |       8.3 |         38.3 |  18.3 |     90.0 |   2.5 |             0
v3drB_s1_hw24 [x12]                    |      50.0 |  31.7 |    4.4 |       6.5 |         35.8 |  25.8 |     90.0 |   4.2 |            22
ppo_dr_zs [x12]                        |      27.5 |   5.8 |    7.5 |      10.9 |         31.2 |   1.7 |     90.0 |   0.0 |             0
ppo_dr_hw24 [x12]                      |      54.2 |  19.2 |    5.8 |       8.0 |         51.7 |   0.8 |     90.0 |   0.0 |            25
ppo_dr_hw24_s2 [x12]                   |      56.7 |  20.8 |    5.8 |       7.6 |         57.5 |   0.4 |     90.0 |   0.0 |            25
ppo_dr_hw48 [x12]                      |      65.0 |  12.5 |    3.5 |       6.3 |         58.3 |   3.3 |     90.0 |   0.0 |            49
ppo_dr_hw48_s2 [x12]                   |      76.7 |  12.5 |    3.4 |       5.6 |         53.8 |   5.8 |     90.0 |   0.0 |            49
ppo_dr_hw48_s3 [x12]                   |      77.5 |  10.0 |    4.4 |       6.1 |         56.2 |   4.6 |     90.0 |   0.0 |            49
ppo_dr_hw96_cTR [x12]                  |      67.5 |  20.0 |    4.1 |       5.5 |         65.4 |  12.1 |     90.0 |   0.0 |            98
v5ppoNom_s0_zs [x12]                   |      26.7 |  25.0 |    6.6 |       9.9 |         27.9 |   4.2 |     90.0 |   0.0 |             0
v5ppoNom_s0_hw24 [x12]                 |      49.2 |  21.7 |    4.7 |       7.5 |         51.7 |   1.7 |     90.0 |   0.0 |            24
v5ppoDR_s0_zs [x12]                    |      28.3 |  21.7 |    6.5 |      10.1 |         27.9 |   1.7 |     90.0 |   0.0 |             0
v5ppoDR_s0_hw24 [x12]                  |      46.7 |  16.7 |    5.3 |       8.1 |         42.5 |   1.7 |     90.0 |   0.0 |            24
rma_zs [x12]                           |      19.2 |  20.0 |    8.2 |      10.7 |         39.2 |   4.2 |     90.0 |   0.0 |             0
fada_hw24_zs [x12]                     |       0.0 |  93.3 |   35.1 |      23.0 |          0.0 |  82.5 |     43.3 |  20.0 |             0
fada_hw24 [x12]                        |       0.0 | 100.0 |    nan |       nan |          0.0 | 100.0 |      0.0 | 100.0 |             7
v3nom_s0_hw24_openG [x12]              |      35.0 |  35.0 |    6.6 |       8.6 |         35.0 |  25.8 |     88.3 |  10.0 |            22
v3nom_s0_hw24_flip [x12]               |       8.3 |  54.2 |    8.2 |      11.3 |         22.1 |  27.1 |     67.5 |  20.0 |            21
v3nom_s0_hw24_noTR [x12]               |      50.8 |  30.0 |    5.7 |       7.2 |         33.8 |  32.9 |     80.0 |  19.2 |            22
v3nom_s0_hw24_noRB [x12]               |      49.2 |  35.8 |    4.8 |       6.1 |         41.7 |  25.0 |     83.3 |  10.0 |            22
v3nom_s0_hw24_b25only [x12]            |      39.2 |  50.8 |    3.5 |       4.5 |         18.7 |  52.1 |     74.2 |  20.0 |            22
bcB_zs [x12]                           |      32.5 |  38.3 |    6.7 |       9.0 |         38.3 |  24.6 |     90.0 |   0.0 |             0
bcB_hw24b [x12]                        |      49.2 |  36.7 |    5.2 |       6.9 |         40.0 |  25.0 |     80.0 |   9.2 |            20
v1narrow_hw24 [x12]                    |       9.2 |  35.8 |    8.8 |      13.4 |         18.7 |  29.6 |     90.0 |   0.8 |            22
v3noexp_s0_zs [x12]                    |      23.3 |  40.8 |    6.7 |       9.4 |         34.6 |  30.8 |     80.0 |  10.0 |             0
v3noexp_s0_hw24 [x12]                  |      43.3 |  40.8 |    5.2 |       7.0 |         39.6 |  22.5 |     89.2 |  10.8 |            22
v3olG_s0_zs [x12]                      |      34.2 |  33.3 |    6.7 |       8.9 |         34.2 |  21.2 |     90.0 |   5.0 |             0
v3olG_s0_hw24 [x12]                    |      49.2 |  25.0 |    5.5 |       7.4 |         36.2 |  26.7 |     90.0 |  10.0 |            22
v4drA_s0_zs [x12]                      |      58.3 |  30.8 |    5.6 |       7.7 |         33.3 |  44.2 |     75.0 |  25.0 |             0
v4drB_s0_zs [x12]                      |      47.5 |  20.8 |    6.6 |       8.0 |         39.6 |  25.8 |     90.0 |  10.0 |             0
track_ilc (3 laps per plan)            |      50.0 |  37.5 |    5.0 |       6.5 |         50.0 |  20.4 |     90.0 |   0.8 |            24
track_ilc (4 laps per plan)            |      50.0 |  38.3 |    4.6 |       5.9 |         50.0 |  20.4 |     90.0 |  10.0 |            32
track_ilc (12 laps per plan)           |      60.0 |  30.0 |    3.2 |       4.4 |         64.6 |  22.1 |     90.0 |   6.7 |            96
